
Loading data (X) from hw3/part_D_d=100_X.dat, target (Y) from hw3/part_D_d=100_Y.dat.

========= REPORT: MAXIMUM LIKELIHOOD ESTIMATOR =========
Mean (Mu) vector (<6 elts):  [ 10.42484357  -0.68557398   6.10426127 -20.05149353  31.32752442]
Eigenvals of covariant matrix (Sigma):  [  1.49956195e+05   3.20292054e+03   3.00601972e+03   2.74361174e+03
   2.71720441e+03   2.62220509e+03   2.52282330e+03   2.44561297e+03
   2.35681152e+03   2.28154254e+03   2.18194485e+03   2.11675284e+03
   2.09377437e+03   2.07436739e+03   1.90895799e+03   1.89371948e+03
   1.83574203e+03   1.79177883e+03   1.75016424e+03   1.74111060e+03
   1.68860703e+03   1.66050060e+03   1.55031724e+03   1.50005578e+03
   1.48033504e+03   1.44257003e+03   1.39704356e+03   1.37734045e+03
   1.30784177e+03   1.28766945e+03   1.24708824e+03   1.21013679e+03
   1.18636421e+03   1.17425763e+03   1.15847209e+03   1.13386943e+03
   1.08433105e+03   1.05731284e+03   1.03348917e+03   1.01315375e+03
   9.93868518e+02   9.74800701e+02   9.45165948e+02   9.12880051e+02
   9.02623986e+02   8.71455052e+02   8.32371147e+02   8.21817432e+02
   8.16027134e+02   7.95343844e+02   7.74201310e+02   7.52937232e+02
   7.36284306e+02   6.82898415e+02   6.69764803e+02   6.46240592e+02
   6.25810579e+02   1.13727105e+02   6.16352205e+02   1.21522083e+02
   6.00600773e+02   5.86189277e+02   5.80872577e+02   5.62825187e+02
   1.42889944e+02   1.46091528e+02   1.55482264e+02   1.53305224e+02
   5.46960661e+02   5.22335289e+02   5.18148430e+02   1.68188788e+02
   5.12798248e+02   1.77402292e+02   1.87858798e+02   1.96513923e+02
   2.12845305e+02   2.16482940e+02   2.33480896e+02   4.77941782e+02
   2.40360978e+02   4.68517219e+02   2.49155700e+02   4.58345248e+02
   2.69651960e+02   2.78602005e+02   2.86223995e+02   3.04416955e+02
   3.06617519e+02   3.20351523e+02   3.26443208e+02   4.37728353e+02
   3.35140073e+02   4.29980133e+02   3.51495340e+02   4.19320155e+02
   3.65943201e+02   3.77702920e+02   3.93079536e+02   3.94278039e+02]
